22 12
0 286
0 0 0 0 0 0 0 0 0 0 0 0 0 0 0 0 0 0 0 0 0 0
0 0 0 0 0 0 0 0 0 0 0 0 0 0 0 0 0 0 0 0 0 0
0 0 0 0 0 0 0 0 0 0 0 0 0 0 0 0 0 0 0 0 0 0
0 0 0 0 0 0 0 0 0 0 0 0 0 0 0 0 0 0 0 0 0 0
0 0 0 0 0 0 0 0 0 0 0 0 0 0 0 0 0 0 0 0 0 0
0 0 0 0 0 0 0 0 0 0 0 0 0 0 0 0 0 0 0 0 0 0
0 0 0 0 0 0 0 0 0 0 0 0 0 68 69 70 0 0 0 0 0 0
69 70 0 0 0 0 0 0 0 0 0 0 0 97 98 99 0 0 0 0 0 0
98 99 0 0 0 0 0 0 0 0 0 0 0 0 0 0 0 0 0 0 0 0
101 102 0 0 0 0 0 0 0 0 0 0 0 0 0 0 0 0 0 0 0 0
0 0 0 37 0 0 0 0 0 0 37 0 0 0 0 0 0 0 0 0 0 0
0 0 0 38 0 0 0 0 0 0 38 0 0 0 0 0 0 0 0 0 0 0